[109, 182, 40, 69]
[109, 182, 40, 69]
[214, 174, 52, 79]
[214, 174, 52, 80]
[149, 261, 23, 36]
[149, 261, 23, 35]
[149, 261, 23, 36]
[302, 252, 13, 57]
[302, 253, 13, 56]
[302, 252, 13, 57]
[65, 260, 14, 66]
[64, 260, 15, 66]
[66, 260, 14, 66]
[67, 260, 14, 67]
[67, 260, 14, 68]
[302, 254, 14, 60]
[302, 255, 14, 58]
[302, 254, 13, 60]
[66, 263, 14, 68]
[66, 262, 14, 69]
[66, 262, 16, 69]
[66, 262, 16, 70]
[66, 261, 16, 71]
[360, 151, 36, 81]
[360, 151, 35, 81]
[110, 183, 37, 68]
[110, 183, 37, 68]
[212, 174, 53, 78]
[212, 174, 53, 77]
[211, 174, 54, 78]
[260, 177, 31, 61]
[260, 177, 32, 62]
[65, 259, 16, 67]
[149, 260, 24, 42]
[300, 250, 16, 66]
[66, 262, 16, 69]
[7, 153, 109, 473]
[7, 149, 124, 482]
[239, 149, 163, 476]
[250, 150, 159, 471]
[8, 153, 107, 497]
[5, 153, 126, 500]
[239, 154, 161, 485]
[5, 151, 115, 480]
[5, 153, 116, 475]
[9, 154, 121, 473]
[9, 156, 122, 470]
[8, 151, 131, 480]
[69, 142, 233, 489]
[58, 137, 252, 502]
[56, 135, 255, 506]
[70, 134, 268, 500]
[66, 130, 277, 507]
[237, 139, 167, 499]
[236, 140, 170, 497]
[236, 139, 169, 499]
[244, 145, 172, 482]
[242, 144, 178, 484]
[241, 141, 178, 487]
[6, 154, 114, 483]
[6, 156, 114, 481]
[9, 158, 119, 475]
[8, 156, 121, 479]
[7, 156, 131, 482]
[60, 153, 248, 483]
[57, 148, 254, 492]
[237, 147, 168, 495]
[235, 147, 171, 496]
[235, 143, 171, 504]
[243, 146, 173, 502]
[242, 145, 175, 503]
[243, 141, 174, 511]
